45.2548
40.7478
28.8217
13.5935
0
8.16922
9.63817
5.84926
0
4.5641
5.82028
3.74935
0
3.18794
4.19785
2.77859
0
2.46767
3.30768
2.22414
0
2.02882
2.75084
1.86917
0
1.73669
2.37404
1.6254
0
1.53099
2.10587
1.45024
0
1.38074
1.90865
1.32064
0
1.26848
1.76071
1.22311
0
1.18364
1.64879
1.14931
0
1.11954
1.56441
1.09384
0
1.07182
1.50202
1.05315
0
1.03759
1.45791
1.0249
0
1.01494
1.42969
1.00758
0
1.00272
1.41592
1.0003
0
1.0003
1.41592
1.00272
0
1.00758
1.42969
1.01494
0
1.0249
1.45791
1.03759
0
1.05315
1.50202
1.07182
0
1.09384
1.56441
1.11954
0
1.14931
1.64879
1.18364
0
1.22311
1.76071
1.26848
0
1.32064
1.90865
1.38074
0
1.45024
2.10587
1.53099
0
1.6254
2.37404
1.73669
0
1.86917
2.75084
2.02882
0
2.22414
3.30768
2.46767
0
2.77859
4.19785
3.18794
0
3.74935
5.82028
4.5641
0
5.84926
9.63817
8.16922
0
13.5935
28.8217
40.7478
