-0.785398
0.809942
-0.736311
0.859029
-nan
0.908117
-0.638136
0.957204
-nan
1.00629
-0.539961
1.05538
-nan
1.10447
-0.441787
1.15355
-nan
1.20264
-0.343612
1.25173
-nan
1.30082
-0.245437
1.3499
-nan
1.39899
-0.147262
1.44808
-nan
1.49717
-0.0490874
1.54625
-nan
-1.54625
0.0490874
-1.49717
-nan
-1.44808
0.147262
-1.39899
-nan
-1.3499
0.245437
-1.30082
-nan
-1.25173
0.343612
-1.20264
-nan
-1.15355
0.441787
-1.10447
-nan
-1.05538
0.539961
-1.00629
-nan
-0.957204
0.638136
-0.908117
-nan
-0.859029
0.736311
-0.809942
-nan
-0.760854
0.834485
-0.711767
-nan
-0.66268
0.93266
-0.613592
-nan
-0.564505
1.03084
-0.515417
-nan
-0.46633
1.12901
-0.417243
-nan
-0.368155
1.22718
-0.319068
-nan
-0.269981
1.32536
-0.220893
-nan
-0.171806
1.42353
-0.122718
-nan
-0.0736311
1.52171
-0.0245435
-nan
0.0245435
-1.52171
0.0736311
-nan
0.122719
-1.42353
0.171806
-nan
0.220893
-1.32536
0.269981
-nan
0.319068
-1.22718
0.368155
-nan
0.417243
-1.12901
0.46633
-nan
0.515418
-1.03084
0.564505
-nan
0.613592
-0.93266
0.66268
-nan
0.711767
-0.834486
0.760854
