1.2343e-14
1.16815
1.96456e-14
1.58142
1.38436e-14
2.12046
1.52818e-14
2.86322
1.07141e-14
3.9892
2.10945e-14
5.96819
3.82263e-14
10.5218
6.62661e-14
33.1376
53.2141
34.5905
6.62661e-14
11.9837
3.82263e-14
7.44843
2.10945e-14
5.49743
1.07141e-14
4.40963
1.52818e-14
3.71543
1.38436e-14
3.23409
1.96456e-14
2.88116
1.2343e-14
2.61189
1.96456e-14
2.40034
1.38436e-14
2.23041
1.52818e-14
2.0916
1.07141e-14
1.97677
2.10945e-14
1.88088
3.82263e-14
1.80031
6.62661e-14
1.73237
0
1.67504
6.62661e-14
1.62678
3.82263e-14
1.5864
2.10945e-14
1.553
1.07141e-14
1.52586
1.52818e-14
1.50445
1.38436e-14
1.48836
1.96456e-14
1.47732
1.2343e-14
1.47113
1.96456e-14
1.46971
1.38436e-14
1.47305
1.52818e-14
1.48125
1.07141e-14
1.49449
2.10945e-14
1.51308
3.82263e-14
1.53744
6.62661e-14
1.56815
9.53674e-07
1.60598
6.62661e-14
1.65194
3.82263e-14
1.70739
2.10945e-14
1.77415
1.07141e-14
1.85466
1.52818e-14
1.95232
1.38436e-14
2.07196
1.96456e-14
2.22065
1.2343e-14
2.40924
1.96456e-14
2.65514
1.38436e-14
2.98836
1.52818e-14
3.46545
1.07141e-14
4.20728
2.10945e-14
5.52775
3.82263e-14
8.57693
6.62661e-14
23.703
35.5565
21.5291
6.62661e-14
6.39466
3.82263e-14
3.33038
2.10945e-14
1.9937
1.07141e-14
1.25034
1.52818e-14
0.831788
1.38436e-14
0.710462
1.96456e-14
0.860438
