0
0.335951
0.0941357
0.219857
0.176772
-0.304102
-0.0392595
0.00554625
-1.5708
-0.00554625
0.0392595
0.304102
-0.176772
-0.219857
-0.0941357
-0.335951
-0
0.335951
0.0941357
0.219857
0.176772
-0.304102
-0.0392595
0.00554625
-1.5708
-0.00554625
0.0392595
0.304102
-0.176772
-0.219857
-0.0941357
-0.335951
0
0.335951
0.0941357
0.219857
0.176772
-0.304102
-0.0392595
0.00554625
1.5708
-0.00554625
0.0392595
0.304102
-0.176772
-0.219857
-0.0941357
-0.335951
-0
0.335951
0.0941357
0.219857
0.176772
-0.304102
-0.0392595
0.00554625
-2.54159e-09
-0.00554625
0.0392595
0.304102
-0.176772
-0.219857
-0.0941357
-0.335951
0
0.335951
0.0941357
0.219857
0.176772
-0.304102
-0.0392595
0.00554625
2.54159e-09
-0.00554625
0.0392595
0.304102
-0.176772
-0.219857
-0.0941357
-0.335951
-0
0.335951
0.0941357
0.219857
0.176772
-0.304102
-0.0392595
0.00554625
-1.5708
-0.00554625
0.0392595
0.304102
-0.176772
-0.219857
-0.0941357
-0.335951
0
0.335951
0.0941357
0.219857
0.176772
-0.304102
-0.0392595
0.00554625
1.5708
-0.00554625
0.0392595
0.304102
-0.176772
-0.219857
-0.0941357
-0.335951
-0
0.335951
0.0941357
0.219857
0.176772
-0.304102
-0.0392595
0.00554625
1.5708
-0.00554625
0.0392595
0.304102
-0.176772
-0.219857
-0.0941357
-0.335951
